 <pre>

 Contingency table for Cloud cover (octas)
 Selection: ALL    383 stations
Period: 20241109-20241210
Used {00,03,...,21} + 01 02 ... 48
 Limits   0.500000000       1.50000000       2.50000000       3.50000000       4.50000000       5.50000000       6.50000000       7.50000000    
 Each class is data <= limit, the very last > last limit
 Total number of values      563290
                                                       OBSERVATION
                                  13185     2667     2346     1584     1149     1503     1815     2278     7988 |     34515
                                   2210      711      957      679      608      820     1091     1779     4671 |     13526
                                   1281      504      540      462      427      551      779     1475     3602 |      9621
                                   1091      380      450      373      380      537      744     1362     3230 |      8547
                           REF      923      355      422      401      346      469      715     1359     3396 |      8386
                                    914      338      449      405      344      503      742     1576     3932 |      9203
                                   1021      402      487      445      413      630      928     1987     5275 |     11588
                                   1514      544      758      642      628      960     1475     3406     9846 |     19773
                                   6394     2884     3886     4022     3902     6873    13380    67949   338841 |    448131

                    SUM           28533     8785    10295     9013     8197    12846    21669    83171   380781 |    563290
                                                       OBSERVATION
                                  13217     2678     2363     1572     1171     1465     1767     2282     7971 |     34486
                                   2301      756      958      699      638      798     1108     1820     4727 |     13805
                                   1310      493      575      510      418      581      796     1479     3529 |      9691
                                    997      359      428      382      355      509      774     1373     3213 |      8390
                        seviri      946      347      420      358      356      506      688     1386     3307 |      8314
                                    917      344      446      378      339      503      765     1512     3938 |      9142
                                    993      387      501      476      410      618      885     1962     5265 |     11497
                                   1487      538      725      670      604      955     1483     3400     9681 |     19543
                                   6365     2883     3879     3968     3906     6911    13403    67957   339150 |    448422

                    SUM           28533     8785    10295     9013     8197    12846    21669    83171   380781 |    563290

