 <pre>

 Contingency table for U10m (m/s)
 Selection: ALL   1023 stations
Period: 20241109-20241210
Used {00,03,...,21} + 00 01 ... 48
 Limits    1.50000000       3.29999995       5.50000000       8.00000000       10.8000002       13.8999996       24.5000000    
 Each class is data <= limit, the very last > last limit
 Total number of values     2245502
                                              OBSERVATION
                                 199692    82534    10335     1770      314       26        6        0 |    294677
                                 159558   321833    92867    12584     2370      399       38        0 |    589649
                                  30241   212815   276010    80321    10007     2597      236        0 |    612227
                           REF     4603    33923   134456   164544    46428     7739     1445        0 |    393138
                                    850     4428    19784    65690    82542    34188     4712        0 |    212194
                                     88      510     2433     8075    23912    45205    20603        4 |    100830
                                      7       35      114      892     2541     9175    29691      275 |     42730
                                      0        0        0        0        1        6       37       13 |        57

                    SUM          395039   656078   535999   333876   168115    99335    56768      292 |   2245502
                                              OBSERVATION
                                 199976    82392    10302     1732      303       32        9        0 |    294746
                                 159356   322157    93126    12636     2350      410       29        0 |    590064
                                  30140   212455   276072    80326     9971     2606      239        0 |    611809
                        seviri     4630    34135   134225   164495    46749     7695     1449        0 |    393378
                                    841     4387    19755    65730    82375    34154     4704        0 |    211946
                                     90      516     2413     8089    23812    45273    20646        4 |    100843
                                      6       36      106      868     2554     9159    29657      275 |     42661
                                      0        0        0        0        1        6       35       13 |        55

                    SUM          395039   656078   535999   333876   168115    99335    56768      292 |   2245502

