 <pre>

 Contingency table for Visibility (m)
 Selection: ALL    720 stations
Period: 20241109-20241210
Used {00,03,...,21} + 00 01 ... 48
 Limits    1000.00000       5000.00000       10000.0000       20000.0000    
 Each class is data <= limit, the very last > last limit
 Total number of values     1445913
                                     OBSERVATION
                                  12310    17393     7285     5849     5988 |     48825
                                  11743    57370    34152    33455    34732 |    171452
                           REF     7416    58236    73930   100989   113913 |    354484
                                   3335    28561    58912   125243   249019 |    465070
                                   1943    14442    32407   101933   255357 |    406082

                    SUM           36747   176002   206686   367469   659009 |   1445913
                                     OBSERVATION
                                  12286    17342     7396     5932     6179 |     49135
                                  11768    57326    33926    33286    34504 |    170810
                        seviri     7365    58419    74243   101290   114486 |    355803
                                   3352    28535    58828   125197   249113 |    465025
                                   1976    14380    32293   101764   254727 |    405140

                    SUM           36747   176002   206686   367469   659009 |   1445913

