 <pre>

 Contingency table for Rh2m (%)
 Selection: ALL   1066 stations
Period: 20241109-20241217
Used {00,03,...,21} + 00 01 ... 48
 Limits    30.0000000       50.0000000       65.0000000       75.0000000       85.0000000       95.0000000       100.000000    
 Each class is data <= limit, the very last > last limit
 Total number of values     3001207
                                              OBSERVATION
                                      5       19       11        1        1        1        0        0 |        38
                                    408     5595     6023     2443     1915      689       32        0 |     17105
                                    246     9688    61067    41484    25078    14569     1939        0 |    154071
                           REF       25     2451    51451   107704   105226    58233     8518        0 |    333608
                                      2      675    22117   100178   278291   266333    48051        0 |    715647
                                      0       96     4830    34839   217209   680527   285252        0 |   1222753
                                      0        6      216     2093    21480   174177   356719        0 |    554691
                                      0        0        0        0       23      397     2874        0 |      3294

                    SUM             686    18530   145715   288742   649223  1194926   703385        0 |   3001207
                                              OBSERVATION
                                      4       16       12        1        1        1        0        0 |        35
                                    410     5469     5671     2363     1744      600       27        0 |     16284
                                    245     9791    61158    41170    24529    14027     1882        0 |    152802
                        seviri       26     2488    51652   107826   105091    57924     8448        0 |    333455
                                      1      667    22124   100295   278555   265596    47640        0 |    714878
                                      0       93     4864    35007   217927   681644   285347        0 |   1224882
                                      0        6      234     2080    21351   174732   357190        0 |    555593
                                      0        0        0        0       25      402     2851        0 |      3278

                    SUM             686    18530   145715   288742   649223  1194926   703385        0 |   3001207

