 <pre>

 Contingency table for Rh2m (%)
 Selection: ALL   1064 stations
Period: 20241109-20241210
Used {00,03,...,21} + 00 01 ... 48
 Limits    30.0000000       50.0000000       65.0000000       75.0000000       85.0000000       95.0000000       100.000000    
 Each class is data <= limit, the very last > last limit
 Total number of values     2358770
                                              OBSERVATION
                                      5       19       11        1        1        1        0        0 |        38
                                    294     5320     5535     2168     1672      512       27        0 |     15528
                                     95     8515    47188    30939    16679    10878     1252        0 |    115546
                           REF        7     1865    37581    78940    66836    38512     6482        0 |    230223
                                      2      513    16923    76285   213835   199703    38969        0 |    546230
                                      0       69     3725    26612   167082   545852   236271        0 |    979611
                                      0        2      169     1642    17317   139428   310337        0 |    468895
                                      0        0        0        0       22      302     2375        0 |      2699

                    SUM             403    16303   111132   216587   483444   935188   595713        0 |   2358770
                                              OBSERVATION
                                      4       16       12        1        1        1        0        0 |        35
                                    295     5214     5197     2088     1522      451       23        0 |     14790
                                     96     8620    47272    30655    16212    10368     1196        0 |    114419
                        seviri        7     1877    37818    79106    66922    38420     6451        0 |    230601
                                      1      507    16912    76364   213837   198996    38616        0 |    545233
                                      0       67     3735    26749   167736   546993   236626        0 |    981906
                                      0        2      186     1624    17190   139652   310458        0 |    469112
                                      0        0        0        0       24      307     2343        0 |      2674

                    SUM             403    16303   111132   216587   483444   935188   595713        0 |   2358770

