 <pre>

 Contingency table for Cloud cover (octas)
 Selection: ALL    384 stations
Period: 20241109-20241217
Used {00,03,...,21} + 01 02 ... 48
 Limits   0.500000000       1.50000000       2.50000000       3.50000000       4.50000000       5.50000000       6.50000000       7.50000000    
 Each class is data <= limit, the very last > last limit
 Total number of values      716238
                                                       OBSERVATION
                                  17123     3483     3317     2134     1473     1881     2417     3053    11772 |     46653
                                   2828      902     1249      879      739     1011     1427     2173     6112 |     17320
                                   1607      590      713      604      493      697     1025     1741     4561 |     12031
                                   1322      462      583      474      468      654      935     1621     4099 |     10618
                           REF     1163      433      528      491      407      567      887     1616     4273 |     10365
                                   1084      415      571      486      403      614      916     1894     4998 |     11381
                                   1210      480      608      551      495      754     1177     2399     6662 |     14336
                                   1840      691      944      776      728     1150     1828     4092    12390 |     24439
                                   7769     3612     4937     5045     4785     8482    16925    84339   433201 |    569095

                    SUM           35946    11068    13450    11440     9991    15810    27537   102928   488068 |    716238
                                                       OBSERVATION
                                  17225     3522     3328     2095     1504     1845     2368     3054    11582 |     46523
                                   2905      925     1247      930      760      992     1454     2223     6179 |     17615
                                   1629      598      767      660      495      715     1017     1755     4496 |     12132
                                   1243      454      558      483      431      619      968     1642     4111 |     10509
                        seviri     1142      421      536      442      431      605      886     1648     4153 |     10264
                                   1110      426      572      451      401      599      947     1839     4953 |     11298
                                   1191      454      634      573      491      756     1103     2349     6622 |     14173
                                   1804      667      921      823      713     1151     1832     4052    12210 |     24173
                                   7697     3601     4887     4983     4765     8528    16962    84366   433762 |    569551

                    SUM           35946    11068    13450    11440     9991    15810    27537   102928   488068 |    716238

