 <pre>

 Contingency table for Visibility (m)
 Selection: ALL    721 stations
Period: 20241109-20241217
Used {00,03,...,21} + 00 01 ... 48
 Limits    1000.00000       5000.00000       10000.0000       20000.0000    
 Each class is data <= limit, the very last > last limit
 Total number of values     1839799
                                     OBSERVATION
                                  14741    21080     8587     6953     6890 |     58251
                                  14943    76478    43454    42778    43691 |    221344
                           REF     9254    71187    92320   128662   146462 |    447885
                                   4124    34465    72509   156158   310360 |    577616
                                   2614    19972    41486   133484   337147 |    534703

                    SUM           45676   223182   258356   468035   844550 |   1839799
                                     OBSERVATION
                                  14748    21039     8708     7073     7078 |     58646
                                  14960    76534    43222    42627    43484 |    220827
                        seviri     9187    71489    92799   129007   147147 |    449629
                                   4124    34281    72233   156025   310353 |    577016
                                   2657    19839    41394   133303   336488 |    533681

                    SUM           45676   223182   258356   468035   844550 |   1839799

