 <pre>

 Contingency table for Max Wind Gust (m/s)
 Selection: ALL    807 stations
Period: 20241109-20241217
Used {00,03,...,21} + 01 02 ... 48
 Limits    5.50000000       8.00000000       10.8000002       13.8999996       18.0000000       24.5000000       28.0000000       30.0000000       32.5999985    
 Each class is data <= limit, the very last > last limit
 Total number of values     1730671
                                                       OBSERVATION
                                 522186    94075    21888     5586     1675      240        7        3        2        1 |    645663
                                  95095   147033    64329    13956     3371      639       23        1        1        3 |    324451
                                  20794    83687   130431    54599    11207     1945       86       15        2        1 |    302767
                                   4922    16628    66693    97089    41320     6113      301       33        5        5 |    233109
                           REF     1418     2794    11594    41577    71422    24902     1108      169       65       31 |    155080
                                    245      421     1253     3944    17640    32329     5101      947      556      378 |     62814
                                      3        3       22      103      387     1819     1630      626      448      363 |      5404
                                      0        0        4       17       31      146      234      166      125      155 |       878
                                      0        1        0        4        8       51       79       57       55      111 |       366
                                      0        0        0        0        3        8       23       17       21       67 |       139

                    SUM          644663   344642   296214   216875   147064    68192     8592     2034     1280     1115 |   1730671
                                                       OBSERVATION
                                 522558    94143    21798     5468     1632      242       10        3        1        1 |    645856
                                  94768   147121    64257    14071     3442      635       18        3        0        2 |    324317
                                  20686    83571   130594    54855    11192     1931       91       11        2        4 |    302937
                                   5015    16536    66635    96818    41351     6144      304       40       11        8 |    232862
                        seviri     1403     2849    11627    41598    71377    24832     1090      176       58       33 |    155043
                                    231      418     1280     3946    17642    32392     5142      931      555      373 |     62910
                                      1        3       14       97      388     1817     1613      628      457      363 |      5381
                                      0        0        6       17       24      142      230      161      116      155 |       851
                                      0        1        0        5       11       47       72       66       61      108 |       371
                                      1        0        3        0        5       10       22       15       19       68 |       143

                    SUM          644663   344642   296214   216875   147064    68192     8592     2034     1280     1115 |   1730671

