 <pre>

 Contingency table for U10m (m/s)
 Selection: ALL   1024 stations
Period: 20241109-20241217
Used {00,03,...,21} + 00 01 ... 48
 Limits    1.50000000       3.29999995       5.50000000       8.00000000       10.8000002       13.8999996       24.5000000    
 Each class is data <= limit, the very last > last limit
 Total number of values     2856217
                                              OBSERVATION
                                 255153   104624    13502     2335      393       45        7        0 |    376059
                                 199701   392176   115363    16049     3050      509       53        0 |    726901
                                  39048   263035   344662   102141    12964     3484      357        0 |    765691
                           REF     6171    45874   176137   214687    59543     9883     2027        0 |    514322
                                   1157     6106    27592    88675   108421    44357     6432        2 |    282742
                                    109      660     3571    11915    32916    59397    27484        8 |    136060
                                      7       44      201     1300     3467    11960    36997      392 |     54368
                                      0        0        0        0        1        6       52       15 |        74

                    SUM          501346   812519   681028   437102   220755   129641    73409      417 |   2856217
                                              OBSERVATION
                                 255489   104307    13490     2327      387       42       11        1 |    376054
                                 199436   392716   115600    16045     3028      522       40        0 |    727387
                                  38953   262551   344821   102188    12917     3487      352        0 |    765269
                        seviri     6195    46162   175876   214565    59845     9866     2037        0 |    514546
                                   1151     6068    27506    88781   108235    44313     6456        4 |    282514
                                    116      673     3532    11926    32885    59454    27511        7 |    136104
                                      6       42      203     1270     3457    11951    36958      392 |     54279
                                      0        0        0        0        1        6       44       13 |        64

                    SUM          501346   812519   681028   437102   220755   129641    73409      417 |   2856217

